Date,Open,High,Low,Close,Volume,OpenInt
2011-05-03,28.782,28.782,28.782,28.782,1028,0
2011-05-04,28.537,28.537,28.537,28.537,1010,0
2011-05-06,28.219,28.219,28.219,28.219,893,0
2011-05-09,27.882,27.882,27.882,27.882,331,0
2011-05-10,28.175,28.273,28.175,28.273,18316,0
2011-05-12,27.639,27.639,27.62,27.62,358,0
2011-05-19,27.629,27.629,27.629,27.629,147,0
2011-05-20,27.392,27.428,27.309,27.309,1848,0
2011-05-24,26.793,26.793,26.71,26.71,987,0
2011-06-03,27.529,27.529,27.529,27.529,308,0
2011-06-07,27.602,27.602,27.592,27.602,17833,0
2011-06-14,26.919,26.975,26.919,26.975,3852,0
2011-06-16,25.721,25.785,25.721,25.785,22232,0
2011-06-28,25.785,25.785,25.785,25.785,138,0
2011-07-05,27.211,27.211,27.101,27.119,5724,0
2011-07-11,25.331,25.357,25.331,25.357,3637,0
2011-07-12,25.057,25.085,25.011,25.021,24766,0
2011-07-28,25.039,25.039,25.021,25.021,401,0
2011-07-29,24.804,24.804,24.804,24.804,312,0
2011-08-03,23.322,23.322,23.322,23.322,217,0
2011-08-08,20.868,20.868,20.334,20.334,771,0
2011-08-11,21.488,21.488,21.488,21.488,471,0
2011-08-15,22.786,22.786,22.731,22.731,1176,0
2011-08-16,22.214,22.214,22.141,22.214,217,0
2011-08-17,22.449,22.449,22.224,22.224,3176,0
2011-08-18,21.06,21.06,21.06,21.06,217,0
2011-08-19,21.151,21.151,21.151,21.151,108,0
2011-08-24,21.54,21.54,21.54,21.54,1326,0
2011-09-02,21.769,21.787,21.724,21.787,7153,0
2011-09-08,20.887,20.887,20.887,20.887,613,0
2011-09-13,19.588,19.588,19.588,19.588,551,0
2011-09-15,20.66,20.833,20.632,20.833,846,0
2011-09-20,20.25,20.25,20.25,20.25,108,0
2011-09-22,18.661,18.678,18.661,18.678,329,0
2011-09-29,19.642,19.642,19.642,19.642,1434,0
2011-10-07,19.479,19.715,19.479,19.715,1467,0
2011-10-12,21.161,21.161,21.161,21.161,874,0
2011-10-13,20.989,21.042,20.942,20.969,12897,0
2011-10-18,20.524,20.524,20.5,20.5,3742,0
2011-10-19,20.878,20.878,20.842,20.842,814,0
2011-10-20,20.453,20.453,20.453,20.453,359,0
2011-10-21,21.233,21.233,21.233,21.233,129,0
2011-10-24,21.734,21.734,21.734,21.734,341,0
2011-10-26,21.55,21.586,21.55,21.567,4798,0
2011-10-27,22.44,22.65,22.44,22.65,517,0
2011-11-04,21.26,21.26,21.26,21.26,146,0
2011-11-15,20.65,21.26,20.586,20.96,114058,0
2011-11-16,20.687,20.687,20.677,20.677,965,0
2011-11-17,20.25,20.25,20.115,20.115,2554,0
2011-11-21,19.232,19.562,18.924,19.524,18520,0
2011-11-22,19.153,19.362,19.062,19.223,5040,0
2011-11-28,19.406,19.406,19.397,19.406,2993,0
2011-11-29,19.488,19.723,19.406,19.698,9217,0
2011-11-30,20.24,20.642,20.24,20.378,11071,0
2011-12-01,20.416,20.558,20.416,20.558,1715,0
2011-12-02,20.687,20.687,20.269,20.269,4182,0
2011-12-05,20.696,20.804,20.677,20.804,1585,0
2011-12-06,20.434,20.434,20.416,20.416,1454,0
2011-12-07,20.269,20.269,20.269,20.269,593,0
2011-12-13,19.544,19.914,19.241,19.241,107189,0
2011-12-14,18.933,18.953,18.524,18.843,15399,0
2011-12-16,19.035,19.215,19.035,19.215,9853,0
2011-12-19,19.397,19.397,19.133,19.17,4128,0
2011-12-20,19.905,19.905,19.905,19.905,1211,0
2011-12-21,19.706,19.778,19.642,19.768,5062,0
2011-12-22,19.452,19.469,19.452,19.469,9446,0
2011-12-23,20.016,20.06,19.887,19.887,7918,0
2011-12-28,19.625,19.625,19.625,19.625,1172,0
2011-12-29,19.788,19.788,19.788,19.788,1434,0
2012-01-05,19.87,20.204,19.87,20.204,1367,0
2012-01-06,20.024,20.024,19.706,19.715,3653,0
2012-01-10,20.344,20.453,20.186,20.334,27737,0
2012-01-11,19.952,20.24,19.905,20.168,18254,0
2012-01-12,20.443,20.462,20.214,20.462,27415,0
2012-01-13,19.895,20.016,19.895,20.016,217,0
2012-01-17,20.214,20.353,19.952,20.24,4646,0
2012-01-18,20.398,20.622,20.378,20.613,2836,0
2012-01-19,21.095,21.095,20.705,20.833,2389,0
2012-01-20,20.705,20.814,20.705,20.814,821,0
2012-01-23,20.924,20.924,20.896,20.896,566,0
2012-01-24,20.75,20.75,20.722,20.75,661,0
2012-01-25,20.814,21.05,20.814,20.979,3065,0
2012-01-30,21.004,21.004,21.004,21.004,108,0
2012-01-31,21.014,21.022,20.924,20.969,9570,0
2012-02-01,21.522,21.522,21.423,21.423,1172,0
2012-02-02,21.577,21.577,21.577,21.577,375,0
2012-02-03,21.977,21.977,21.96,21.977,2201,0
2012-02-06,21.951,21.951,21.951,21.951,221,0
2012-02-07,22.068,22.068,21.834,21.993,2382,0
2012-02-08,22.141,22.141,22.141,22.141,881,0
2012-02-10,21.84,21.84,21.84,21.84,974,0
2012-02-14,21.577,24.25,21.143,21.877,3222,0
2012-02-16,21.459,22.032,21.459,21.759,88305,0
2012-02-23,21.815,22.241,21.815,22.241,7947,0
2012-02-24,22.615,22.668,22.615,22.668,4733,0
2012-02-27,22.232,22.459,22.232,22.459,329,0
2012-03-01,22.568,22.568,22.568,22.568,386,0
2012-03-02,22.151,22.151,22.151,22.151,116,0
2012-03-06,21.305,21.305,21.305,21.305,1323,0
2012-03-07,21.624,21.624,21.624,21.624,217,0
2012-03-09,22.022,22.124,21.968,22.022,6714,0
2012-03-12,22.105,22.196,21.96,22.196,7076,0
2012-03-13,22.261,22.449,22.232,22.295,8367,0
2012-03-14,22.348,22.43,22.205,22.214,7486,0
2012-03-15,22.285,22.485,22.232,22.386,6271,0
2012-03-16,22.694,22.713,22.578,22.586,5442,0
2012-03-19,22.586,22.878,22.586,22.85,6981,0
2012-03-20,22.558,22.558,22.311,22.513,5394,0
2012-03-21,22.321,22.485,22.321,22.377,4084,0
2012-03-22,22.078,22.16,22.013,22.013,4859,0
2012-03-23,22.485,22.485,22.459,22.459,1171,0
2012-03-26,22.84,22.942,22.704,22.786,4403,0
2012-03-27,22.904,22.904,22.595,22.595,6269,0
2012-03-28,22.503,22.503,22.295,22.459,2046,0
2012-03-30,22.396,22.578,22.396,22.578,443,0
2012-04-04,21.624,21.787,21.624,21.649,771,0
2012-04-09,21.759,21.759,21.759,21.759,824,0
2012-04-10,20.859,20.896,20.859,20.896,277,0
2012-04-13,21.433,21.433,21.433,21.433,424,0
2012-04-16,21.251,21.251,21.251,21.251,111,0
2012-04-17,21.906,21.906,21.886,21.886,767,0
2012-04-19,21.522,21.522,21.522,21.522,872,0
2012-04-23,21.06,21.078,21.042,21.078,3113,0
2012-04-25,21.968,21.968,21.968,21.968,277,0
2012-04-26,21.668,21.668,21.668,21.668,108,0
2012-04-27,22.27,22.27,22.078,22.097,4080,0
2012-04-30,21.886,21.977,21.886,21.977,5062,0
2012-05-01,22.032,22.321,21.984,22.321,4292,0
2012-05-03,21.84,21.84,21.84,21.84,108,0
2012-05-04,21.078,21.078,21.078,21.078,264,0
2012-05-08,20.833,20.842,20.804,20.842,551,0
2012-05-10,21.05,21.06,21.05,21.06,278,0
2012-05-11,20.896,20.896,20.65,20.76,551,0
2012-05-14,20.368,20.368,20.151,20.151,329,0
2012-05-17,19.579,19.579,19.313,19.323,1649,0
2012-05-18,19.187,19.187,19.133,19.187,530,0
2012-05-21,19.352,19.507,19.352,19.507,248,0
2012-05-24,19.277,19.277,19.179,19.179,6604,0
2012-05-30,19.069,19.069,19.069,19.069,257,0
2012-05-31,18.899,18.899,18.759,18.759,461,0
2012-06-01,18.463,18.988,18.188,18.48,1898,0
2012-06-04,18.48,18.489,18.48,18.489,502,0
2012-06-06,19.232,19.232,19.232,19.232,214,0
2012-06-12,19.106,19.106,19.106,19.106,358,0
2012-06-13,18.988,19.053,18.806,18.843,11245,0
2012-06-15,19.133,19.406,19.133,19.406,217,0
2012-06-18,19.479,19.479,19.479,19.479,551,0
2012-06-20,20.158,20.158,20.158,20.158,1211,0
2012-06-21,19.018,19.018,19.018,19.018,131,0
2012-06-25,18.698,18.698,18.417,18.417,1434,0
2012-06-26,18.334,18.334,18.334,18.334,153,0
2012-06-28,18.596,18.596,18.596,18.596,539,0
2012-06-29,19.634,19.688,19.634,19.688,521,0
2012-07-02,19.807,19.807,19.807,19.807,5062,0
2012-07-11,19.197,19.197,18.953,18.953,1046,0
2012-07-12,18.908,18.908,18.89,18.89,509,0
2012-07-17,19.371,19.371,19.371,19.371,5724,0
2012-07-19,19.634,19.652,19.634,19.652,417,0
2012-07-23,18.816,18.816,18.816,18.816,108,0
2012-07-26,19.268,19.268,19.268,19.268,1082,0
2012-07-27,19.943,19.943,19.943,19.943,322,0
2012-08-01,19.698,19.698,19.443,19.688,654,0
2012-08-02,19.098,19.215,19.098,19.215,4691,0
2012-08-08,20.508,20.508,20.49,20.508,1921,0
2012-08-13,20.168,20.168,20.168,20.168,1921,0
2012-08-14,20.434,20.434,20.434,20.434,108,0
2012-08-16,20.443,20.443,20.398,20.398,3301,0
2012-08-22,20.878,20.878,20.878,20.878,329,0
2012-08-28,20.36,20.549,20.36,20.549,383,0
2012-08-30,20.524,20.524,20.524,20.524,108,0
2012-08-31,20.66,20.66,20.66,20.66,475,0
2012-09-04,20.669,20.687,20.398,20.398,1634,0
2012-09-07,21.825,21.867,21.825,21.867,881,0
2012-09-11,21.633,21.633,21.633,21.633,108,0
2012-09-12,23.514,23.514,21.924,21.924,443,0
2012-09-21,22.321,22.358,22.311,22.321,12403,0
2012-09-24,22.105,22.105,22.105,22.105,6550,0
2012-09-26,21.504,21.504,21.504,21.504,108,0
2012-09-27,21.815,21.815,21.815,21.815,108,0
2012-09-28,21.567,21.604,21.567,21.567,572,0
2012-10-02,21.968,21.968,21.759,21.886,1415,0
2012-10-03,21.659,21.659,21.659,21.659,120,0
2012-10-04,22.224,22.224,22.124,22.124,289,0
2012-10-08,21.968,21.977,21.968,21.977,661,0
2012-10-09,21.805,21.867,21.805,21.858,1816,0
2012-10-10,21.513,21.649,21.394,21.404,1298,0
2012-10-11,21.796,21.805,21.796,21.805,329,0
2012-10-12,21.724,21.724,21.724,21.724,146,0
2012-10-15,21.886,22.168,21.886,22.168,443,0
2012-10-16,22.04,22.058,22.04,22.058,329,0
2012-10-17,22.196,22.493,22.196,22.493,1649,0
2012-10-18,22.578,22.578,22.53,22.53,443,0
2012-10-23,21.777,21.777,21.734,21.734,317,0
2012-10-24,21.749,21.749,21.734,21.734,669,0
2012-10-25,21.805,21.805,21.805,21.805,184,0
2012-10-31,22.386,22.423,21.886,21.886,3678,0
2012-11-07,21.924,21.984,21.906,21.906,551,0
2012-11-08,21.386,21.649,21.359,21.359,1573,0
2012-11-09,21.277,21.277,21.277,21.277,163,0
2012-11-12,21.332,21.332,21.332,21.332,551,0
2012-11-13,21.105,21.105,21.078,21.105,898,0
2012-11-14,21.35,21.35,21.161,21.161,551,0
2012-11-15,20.997,20.997,20.997,20.997,108,0
2012-11-16,20.868,20.868,20.868,20.868,108,0
2012-11-19,21.488,21.488,21.488,21.488,108,0
2012-11-21,21.586,21.604,21.586,21.595,661,0
2012-11-26,21.977,21.977,21.977,21.977,1101,0
2012-11-28,21.977,22.022,21.951,22.022,796,0
2012-12-03,22.43,22.805,22.43,22.513,1950608,0
2012-12-04,22.558,22.713,22.386,22.522,33847,0
2012-12-05,22.886,22.932,22.641,22.678,6163,0
2012-12-06,22.805,23.376,22.759,22.895,7308,0
2012-12-07,22.713,22.777,22.713,22.777,1922,0
2012-12-10,22.704,22.83,22.558,22.786,16706,0
2012-12-11,22.967,23.176,22.741,22.823,9894,0
2012-12-12,23.241,23.577,22.75,22.895,16540,0
2012-12-13,22.895,23.185,22.641,23.185,8781,0
2012-12-14,23.085,23.221,22.975,23.221,9322,0
2012-12-17,23.322,23.367,23.04,23.358,1995,0
2012-12-18,23.54,23.54,23.322,23.54,3236,0
2012-12-19,23.82,23.85,23.531,23.787,6244,0
2012-12-20,23.804,23.812,23.804,23.812,6384,0
2012-12-21,23.612,23.612,23.241,23.577,7724,0
2012-12-24,35.479,35.479,23.549,23.64,4281,0
2012-12-26,23.212,23.686,23.212,23.686,1439,0
2012-12-27,23.268,23.587,23.268,23.587,6386,0
2012-12-28,23.523,23.559,23.095,23.203,15831,0
2012-12-31,23.706,23.804,23.286,23.804,9240,0
2013-01-02,24.232,24.232,23.858,23.858,6845,0
2013-01-03,23.812,23.957,23.706,23.715,29898,0
2013-01-04,23.787,23.948,23.659,23.876,48723,0
2013-01-07,23.866,23.966,23.676,23.82,74016,0
2013-01-08,23.696,23.84,23.559,23.83,60551,0
2013-01-09,23.62,23.777,23.62,23.777,18022,0
2013-01-10,23.966,24.312,23.966,24.094,4285,0
2013-01-11,24.37,24.476,24.094,24.267,12925,0
2013-01-14,24.139,24.395,24.139,24.377,1310,0
2013-01-15,24.312,24.395,24.139,24.139,3120,0
2013-01-16,24.013,24.076,23.911,23.919,14752,0
2013-01-17,24.432,24.582,24.361,24.565,12637,0
2013-01-18,24.386,24.53,24.285,24.52,9621,0
2013-01-22,24.267,24.458,24.212,24.377,10777,0
2013-01-23,24.194,24.441,24.194,24.295,10677,0
2013-01-24,24.377,24.466,24.377,24.466,2405,0
2013-01-25,24.665,24.993,24.665,24.993,2762,0
2013-01-28,25.584,25.584,24.685,24.83,8707,0
2013-01-29,24.875,24.894,24.685,24.894,2921,0
2013-01-30,24.885,24.894,24.675,24.885,10745,0
2013-01-31,24.849,24.858,24.549,24.556,11685,0
2013-02-01,24.83,25.22,24.83,25.049,10188,0
2013-02-04,24.785,24.785,24.305,24.305,5088,0
2013-02-05,24.495,24.665,24.495,24.61,10720,0
2013-02-06,24.341,24.573,24.341,24.53,14581,0
2013-02-07,24.756,24.756,24.476,24.511,7640,0
2013-02-08,24.712,24.785,24.675,24.722,14445,0
2013-02-11,24.582,24.601,24.386,24.386,6982,0
2013-02-12,24.495,24.922,24.495,24.867,5999,0
2013-02-13,25.267,25.267,24.974,24.974,15009,0
2013-02-14,24.748,24.83,24.648,24.83,7354,0
2013-02-15,24.948,24.948,24.476,24.703,26513,0
2013-02-19,24.785,25.204,24.785,24.993,2875,0
2013-02-20,25.176,25.176,24.703,24.74,14003,0
2013-02-21,24.495,24.495,24.022,24.094,14437,0
2013-02-22,24.194,24.414,24.149,24.341,19954,0
2013-02-25,24.549,24.549,23.885,24.101,4772,0
2013-02-26,23.866,24.013,23.84,23.948,15358,0
2013-02-27,24.194,24.53,24.184,24.503,13555,0
2013-02-28,24.267,24.341,24.212,24.295,38693,0
2013-03-01,24.003,24.129,23.85,24.101,13194,0
2013-03-04,24.03,24.26,23.911,24.26,26162,0
2013-03-05,24.485,24.74,24.37,24.539,13482,0
2013-03-06,24.62,24.62,24.377,24.549,46980,0
2013-03-07,24.703,24.703,24.703,24.703,2515,0
2013-03-08,24.591,24.756,24.424,24.756,10385,0
2013-03-11,24.241,24.821,24.241,24.821,34737,0
2013-03-12,24.964,24.964,24.685,24.775,4693,0
2013-03-13,24.712,24.73,24.45,24.73,7153,0
2013-03-14,24.785,24.964,24.712,24.821,6966,0
2013-03-15,24.922,24.922,24.821,24.821,9128,0
2013-03-18,24.656,24.83,24.61,24.675,24521,0
2013-03-19,24.703,24.703,24.26,24.351,4735,0
2013-03-20,24.712,24.712,24.466,24.539,17786,0
2013-03-21,24.377,24.377,24.341,24.371,11618,0
2013-03-22,24.54,24.54,24.415,24.477,6079,0
2013-03-25,24.55,24.55,24.038,24.066,6073,0
2013-03-26,24.166,24.166,24.148,24.148,5957,0
2013-03-27,23.9,23.965,23.802,23.965,9939,0
2013-03-28,24.047,24.1,24.047,24.1,8168,0
2013-04-01,24.176,24.176,23.993,23.993,5968,0
2013-04-02,24.241,24.241,24.11,24.166,14168,0
2013-04-03,24.25,24.25,24.047,24.076,5068,0
2013-04-04,23.9,24.129,23.829,24.1,9138,0
2013-04-05,23.694,23.81,23.694,23.81,7368,0
2013-04-08,23.657,23.829,23.657,23.793,3754,0
2013-04-09,23.848,24.085,23.838,24.066,8791,0
2013-04-10,24.295,24.512,24.295,24.467,4871,0
2013-04-11,24.75,24.75,24.649,24.714,5470,0
2013-04-12,24.54,24.657,24.54,24.657,7743,0
2013-04-15,24.267,24.295,24.002,24.002,5145,0
2013-04-16,24.305,24.387,24.267,24.377,8868,0
2013-04-17,24.047,24.047,23.501,23.767,15992,0
2013-04-18,23.757,23.785,23.593,23.593,7303,0
2013-04-19,23.785,23.955,23.748,23.9,8944,0
2013-04-22,23.892,24.11,23.767,24.1,11679,0
2013-04-23,24.387,24.521,24.305,24.458,33829,0
2013-04-24,24.566,24.704,24.566,24.649,4863,0
2013-04-25,24.95,24.95,24.832,24.851,6575,0
2013-04-26,24.777,24.958,24.75,24.933,4891,0
2013-04-29,25.162,25.369,25.144,25.29,15689,0
2013-04-30,25.353,25.414,25.215,25.344,5329,0
2013-05-01,25.479,25.479,25.162,25.162,88438,0
2013-05-02,25.107,25.171,25.107,25.171,4281,0
2013-05-03,25.479,25.635,25.479,25.616,9848,0
2013-05-06,25.489,25.635,25.489,25.505,2727,0
2013-05-07,25.774,25.774,25.542,25.681,38868,0
2013-05-08,26.009,26.071,25.873,26.056,15055,0
2013-05-09,25.917,25.944,25.717,25.819,11660,0
2013-05-10,25.662,25.782,25.662,25.774,3352,0
2013-05-13,25.735,25.735,25.653,25.717,6607,0
2013-05-14,25.774,25.855,25.671,25.755,11705,0
2013-05-15,25.873,26.028,25.764,25.907,9632,0
2013-05-16,25.944,26.208,25.855,25.865,35666,0
2013-05-17,25.907,26.071,25.865,26.056,7948,0
2013-05-20,26.154,26.208,26.063,26.135,44162,0
2013-05-21,26.038,26.218,26.038,26.191,3449,0
2013-05-22,26.173,26.208,25.717,25.791,17846,0
2013-05-23,25.579,25.819,25.579,25.782,45595,0
2013-05-24,25.616,25.774,25.505,25.745,48519,0
2013-05-28,26.056,26.119,25.709,25.926,15866,0
2013-05-29,25.855,25.855,25.69,25.827,10315,0
2013-05-30,25.954,26.1,25.926,26.046,9334,0
2013-05-31,25.709,25.709,25.589,25.589,8578,0
2013-06-03,25.524,25.827,25.524,25.8,6607,0
2013-06-04,25.635,25.897,25.542,25.579,11433,0
2013-06-05,25.579,25.579,25.379,25.461,419165,0
2013-06-06,25.479,25.662,25.406,25.662,11062,0
2013-06-07,25.681,25.888,25.671,25.782,11663,0
2013-06-10,25.764,25.897,25.616,25.819,14759,0
2013-06-11,25.442,25.589,25.388,25.479,14413,0
2013-06-12,25.735,25.735,25.369,25.406,6910,0
2013-06-13,25.451,25.726,25.397,25.653,16124,0
2013-06-14,25.881,25.881,25.542,25.671,12878,0
2013-06-17,26.109,26.109,25.809,25.855,6645,0
2013-06-18,26.135,26.173,25.982,26.028,7397,0
2013-06-19,26.056,26.173,25.515,25.515,11102,0
2013-06-20,25.042,25.079,24.851,24.896,9994,0
2013-06-21,24.884,24.884,24.386,24.552,15337,0
2013-06-24,23.922,24.239,23.832,24.026,8590,0
2013-06-25,24.405,24.405,24.312,24.371,4762,0
2013-06-26,24.625,24.625,24.459,24.595,4605,0
2013-06-27,24.625,24.874,24.625,24.782,12910,0
2013-06-28,24.621,24.853,24.621,24.76,20177,0
2013-07-01,25.03,25.161,24.974,25.03,76855,0
2013-07-02,24.964,25.003,24.698,24.782,20165,0
2013-07-03,24.753,24.947,24.753,24.93,4325,0
2013-07-05,24.911,25.012,24.782,24.974,11780,0
2013-07-08,25.281,25.337,25.152,25.262,8892,0
2013-07-09,25.215,25.327,25.04,25.317,6292,0
2013-07-10,25.371,25.593,25.262,25.391,5516,0
2013-07-11,25.872,26.21,25.834,26.21,12512,0
2013-07-12,26.589,26.589,25.668,26.072,25949,0
2013-07-15,26.038,26.156,25.844,26.091,20476,0
2013-07-16,26.101,26.156,25.906,26.137,72350,0
2013-07-17,26.009,26.239,26.009,26.156,7145,0
2013-07-18,26.274,26.508,26.274,26.48,11314,0
2013-07-19,26.358,26.571,26.358,26.527,6549,0
2013-07-22,26.7,26.709,26.626,26.674,10112,0
2013-07-23,26.774,26.819,26.692,26.784,12071,0
2013-07-24,26.96,26.96,26.654,26.819,13613,0
2013-07-25,26.904,27.032,26.692,27.032,39954,0
2013-07-26,26.921,27.014,26.766,27.014,52881,0
2013-07-29,26.829,26.921,26.784,26.912,18954,0
2013-07-30,27.023,27.023,26.784,26.931,12319,0
2013-07-31,26.951,27.171,26.912,27.023,14169,0
2013-08-01,27.28,27.373,27.171,27.336,61643,0
2013-08-02,27.327,27.595,27.327,27.595,33791,0
2013-08-05,27.576,27.595,27.459,27.595,14912,0
2013-08-06,27.476,27.614,27.401,27.485,74322,0
2013-08-07,27.41,27.642,27.344,27.513,27203,0
2013-08-08,27.696,27.899,27.696,27.816,27009,0
2013-08-09,27.816,27.918,27.734,27.908,55180,0
2013-08-12,27.623,27.705,27.623,27.668,51926,0
2013-08-13,27.696,27.807,27.595,27.759,127581,0
2013-08-14,27.778,27.816,27.686,27.797,78311,0
2013-08-15,27.429,27.576,27.181,27.504,101780,0
2013-08-16,27.576,27.715,27.559,27.66,126499,0
2013-08-19,27.668,27.788,27.439,27.439,175375,0
2013-08-20,27.513,27.605,27.298,27.439,245017,0
2013-08-21,27.522,27.522,27.189,27.272,143514,0
2013-08-22,27.686,28.009,27.363,27.559,122509,0
2013-08-23,27.852,27.908,27.504,27.696,135590,0
2013-08-26,27.66,27.66,27.468,27.468,161576,0
2013-08-27,27.344,27.344,26.801,26.829,78601,0
2013-08-28,26.617,26.784,26.535,26.674,93565,0
2013-08-29,26.728,26.838,26.709,26.709,59447,0
2013-08-30,26.625,26.811,26.404,26.433,122671,0
2013-09-03,26.96,27.208,26.736,26.856,159579,0
2013-09-04,26.617,27.032,26.598,26.885,59099,0
2013-09-05,26.931,27.069,26.838,26.986,135100,0
2013-09-06,27.124,27.272,26.996,27.133,84101,0
2013-09-09,27.263,27.605,27.263,27.541,175120,0
2013-09-10,27.872,28.073,27.872,28.055,152805,0
2013-09-11,28.064,28.232,28.036,28.232,243242,0
2013-09-12,28.38,28.38,28.073,28.073,63331,0
2013-09-13,28.139,28.259,28.028,28.259,110970,0
2013-09-16,28.628,28.628,28.453,28.489,220535,0
2013-09-17,28.424,28.48,28.331,28.361,163129,0
2013-09-18,28.316,29.191,28.307,28.997,126948,0
2013-09-19,29.126,29.126,28.756,28.831,238815,0
2013-09-20,28.748,28.795,28.631,28.64,76035,0
2013-09-23,28.676,28.715,28.436,28.557,284402,0
2013-09-24,28.705,28.785,28.557,28.567,132060,0
2013-09-25,28.621,28.823,28.621,28.715,104195,0
2013-09-26,28.667,28.738,28.601,28.715,92295,0
2013-09-27,28.64,28.695,28.601,28.601,44634,0
2013-09-30,28.381,28.547,28.362,28.481,139502,0
2013-10-01,28.611,29.02,28.611,28.778,112061,0
2013-10-02,28.768,28.833,28.649,28.833,99688,0
2013-10-03,28.785,28.785,28.64,28.705,108570,0
2013-10-04,28.686,28.795,28.64,28.73,151358,0
2013-10-07,28.585,28.631,28.399,28.557,132314,0
2013-10-08,28.501,28.538,28.196,28.224,274045,0
2013-10-09,28.28,28.353,28.123,28.29,128309,0
2013-10-10,28.676,28.878,28.649,28.851,121855,0
2013-10-11,28.804,28.888,28.748,28.878,141152,0
2013-10-14,28.851,29.057,28.695,29.057,423255,0
2013-10-15,29.01,29.093,28.935,28.935,393610,0
2013-10-16,29.093,29.212,29.028,29.139,203349,0
2013-10-17,29.469,29.636,29.435,29.619,231501,0
2013-10-18,29.794,29.886,29.702,29.876,189306,0
2013-10-21,29.94,30.072,29.914,29.969,121679,0
2013-10-22,30.107,30.274,30.09,30.155,177247,0
2013-10-23,30.117,30.117,29.839,29.94,116455,0
2013-10-24,30.21,30.21,29.998,30.107,134051,0
2013-10-25,30.062,30.062,29.914,29.998,234028,0
2013-10-28,29.759,29.82,29.665,29.73,334264,0
2013-10-29,29.886,29.905,29.777,29.82,96695,0
2013-10-30,29.829,29.969,29.572,29.712,165615,0
2013-10-31,29.759,29.803,29.6,29.693,186779,0
2013-11-01,29.59,29.665,29.385,29.526,133013,0
2013-11-04,29.554,29.749,29.469,29.749,197017,0
2013-11-05,29.425,29.516,29.276,29.459,160025,0
2013-11-06,29.794,29.886,29.73,29.794,148302,0
2013-11-07,29.768,29.777,29.184,29.232,252019,0
2013-11-08,29.204,29.369,29.11,29.369,278038,0
2013-11-11,29.489,29.563,29.385,29.479,138483,0
2013-11-12,29.286,29.359,29.165,29.241,154332,0
2013-11-13,28.98,29.395,28.925,29.377,220285,0
2013-11-14,29.435,29.435,29.232,29.359,167621,0
2013-11-15,29.554,29.554,29.349,29.507,211891,0
2013-11-18,29.777,29.82,29.441,29.535,181681,0
2013-11-19,29.516,29.6,29.415,29.479,219352,0
2013-11-20,29.535,29.535,29.057,29.11,144804,0
2013-11-21,29.295,29.405,29.212,29.405,215917,0
2013-11-22,29.628,29.665,29.425,29.628,147500,0
2013-11-25,29.794,29.794,29.507,29.563,226520,0
2013-11-26,29.685,29.794,29.619,29.74,265713,0
2013-11-27,29.979,29.998,29.848,29.914,173091,0
2013-11-29,30.2,30.21,30.033,30.081,269855,0
2013-12-02,30.137,30.137,29.886,29.886,200068,0
2013-12-03,29.655,29.685,29.415,29.459,199680,0
2013-12-04,29.148,29.313,28.972,29.295,138658,0
2013-12-05,29.359,29.385,29.129,29.194,103320,0
2013-12-06,29.395,29.535,29.258,29.526,87168,0
2013-12-09,29.6,29.655,29.572,29.572,120918,0
2013-12-10,29.61,29.655,29.563,29.628,96493,0
2013-12-11,29.749,29.749,29.415,29.415,135375,0
2013-12-12,29.204,29.232,29.038,29.12,164512,0
2013-12-13,29.266,29.266,29.028,29.165,236363,0
2013-12-16,29.425,29.489,29.304,29.405,189626,0
2013-12-17,29.369,29.395,29.212,29.323,168860,0
2013-12-18,29.618,29.931,29.413,29.776,235616,0
2013-12-19,29.819,29.819,29.589,29.758,126623,0
2013-12-20,29.857,29.894,29.758,29.819,277713,0
2013-12-23,30.052,30.182,29.894,30.172,191543,0
2013-12-24,30.385,30.385,30.191,30.347,116905,0
2013-12-26,30.497,30.563,30.385,30.534,237609,0
2013-12-27,30.931,30.931,30.626,30.653,191363,0
2013-12-30,30.84,30.968,30.727,30.84,184381,0
2013-12-31,31.024,31.098,30.858,30.948,162052,0
2014-01-02,30.84,30.84,30.366,30.487,315666,0
2014-01-03,30.67,30.68,30.516,30.534,228448,0
2014-01-06,30.885,30.885,30.589,30.626,259923,0
2014-01-07,30.85,30.958,30.764,30.922,355881,0
2014-01-08,31.163,31.219,30.988,31.061,342895,0
2014-01-09,31.367,31.367,31.014,31.219,831561,0
2014-01-10,31.429,31.616,31.292,31.616,373060,0
2014-01-13,31.616,31.681,31.395,31.468,300234,0
2014-01-14,31.589,31.801,31.478,31.792,225204,0
2014-01-15,31.774,31.994,31.774,31.984,485373,0
2014-01-16,31.877,31.912,31.727,31.912,292992,0
2014-01-17,31.821,31.857,31.642,31.691,233017,0
2014-01-21,31.708,31.708,31.524,31.671,231193,0
2014-01-22,31.662,31.718,31.579,31.699,226797,0
2014-01-23,31.746,31.746,31.524,31.681,324899,0
2014-01-24,31.024,31.024,30.597,30.606,280053,0
2014-01-27,30.606,30.606,30.274,30.423,290211,0
2014-01-28,30.68,30.978,30.68,30.958,970169,0
2014-01-29,30.534,30.69,30.451,30.506,509068,0
2014-01-30,30.67,30.764,30.487,30.764,305915,0
2014-01-31,30.117,30.385,30.081,30.21,235680,0
2014-02-03,30.255,30.264,29.599,29.618,1655415,0
2014-02-04,29.978,30.062,29.894,30.052,151956,0
2014-02-05,30.107,30.226,30.033,30.2,305348,0
2014-02-06,30.662,30.94,30.662,30.931,332350,0
2014-02-07,31.061,31.403,31.005,31.376,309985,0
2014-02-10,31.339,31.376,31.272,31.357,231259,0
2014-02-11,31.487,31.801,31.42,31.718,424093,0
2014-02-12,31.792,31.877,31.727,31.839,537831,0
2014-02-13,31.708,32.07,31.699,32.07,288308,0
2014-02-14,32.189,32.32,32.143,32.256,313357,0
2014-02-18,32.421,32.45,32.32,32.375,282087,0
2014-02-19,32.311,32.515,32.17,32.18,227674,0
2014-02-20,32.209,32.468,32.189,32.413,514693,0
2014-02-21,32.606,32.717,32.542,32.542,214699,0
2014-02-24,32.689,32.968,32.662,32.811,412467,0
2014-02-25,32.912,33.006,32.792,32.848,235170,0
2014-02-26,32.874,32.874,32.698,32.773,269235,0
2014-02-27,32.689,32.997,32.671,32.997,222510,0
2014-02-28,33.199,33.402,33.087,33.218,300833,0
2014-03-03,32.56,32.633,32.292,32.32,561020,0
2014-03-04,32.988,33.05,32.892,32.997,235652,0
2014-03-05,33.097,33.181,33.068,33.134,252481,0
2014-03-06,33.559,33.615,33.476,33.559,196592,0
2014-03-07,33.495,33.559,33.218,33.42,371719,0
2014-03-10,33.264,33.292,33.014,33.255,307926,0
2014-03-11,33.181,33.328,33.068,33.105,313226,0
2014-03-12,32.848,32.997,32.736,32.988,146147,0
2014-03-13,33.087,33.087,32.123,32.217,322341,0
2014-03-14,31.976,32.292,31.932,32.17,230451,0
2014-03-17,32.598,32.802,32.525,32.773,256758,0
2014-03-18,32.865,33.097,32.858,33.059,293959,0
2014-03-19,33.097,33.124,32.413,32.598,353152,0
2014-03-20,32.459,32.689,32.394,32.642,272478,0
2014-03-21,32.689,32.707,32.256,32.292,183278,0
2014-03-24,32.403,32.403,32.032,32.302,237341,0
2014-03-25,32.478,32.662,32.32,32.614,417824,0
2014-03-26,32.773,32.811,32.542,32.55,330944,0
2014-03-27,32.652,32.698,32.542,32.633,408246,0
2014-03-28,32.828,32.912,32.792,32.828,273769,0
2014-03-31,33.163,33.208,33.068,33.143,333919,0
2014-04-01,33.44,33.55,33.42,33.55,350545,0
2014-04-02,33.559,33.569,33.459,33.569,401857,0
2014-04-03,33.505,33.505,33.328,33.44,184836,0
2014-04-04,33.532,33.569,33.245,33.255,509991,0
2014-04-07,33.274,33.301,33.04,33.114,138054,0
2014-04-08,32.717,32.902,32.624,32.828,377849,0
2014-04-09,33.245,33.44,33.124,33.402,352087,0
2014-04-10,33.292,33.292,32.535,32.535,588854,0
2014-04-11,32.18,32.403,32.105,32.143,286238,0
2014-04-14,31.849,31.867,31.652,31.784,338530,0
2014-04-15,31.671,31.756,31.182,31.552,232995,0
2014-04-16,31.922,32.113,31.831,32.105,351615,0
2014-04-17,32.366,32.441,32.199,32.356,278023,0
2014-04-21,32.525,32.55,32.348,32.441,375504,0
2014-04-22,32.717,32.782,32.662,32.773,266845,0
2014-04-23,32.763,32.828,32.598,32.707,342122,0
2014-04-24,32.698,32.819,32.535,32.698,578802,0
2014-04-25,32.57,32.598,32.356,32.441,292809,0
2014-04-28,32.441,32.525,32.18,32.441,196493,0
2014-04-29,32.652,32.763,32.633,32.707,258584,0
2014-04-30,32.819,33.114,32.802,33.04,432215,0
2014-05-01,33.19,33.19,32.988,33.114,396787,0
2014-05-02,32.892,33.153,32.892,33.134,207053,0
2014-05-05,32.782,33.068,32.753,33.03,250137,0
2014-05-06,33.014,33.105,32.931,33.03,138484,0
2014-05-07,32.931,33.04,32.707,32.858,191658,0
2014-05-08,33.022,33.059,32.811,32.892,167327,0
2014-05-09,32.707,32.736,32.535,32.671,155335,0
2014-05-12,32.988,32.988,32.802,32.931,278213,0
2014-05-13,32.811,32.811,32.68,32.773,356852,0
2014-05-14,32.614,32.624,32.496,32.542,197454,0
2014-05-15,32.123,32.123,31.681,31.941,547917,0
2014-05-16,31.652,31.765,31.543,31.727,300424,0
2014-05-19,31.671,31.792,31.671,31.792,288832,0
2014-05-20,31.904,31.949,31.681,31.792,146431,0
2014-05-21,31.994,32.096,31.922,32.088,222562,0
2014-05-22,32.042,32.133,31.994,32.024,280092,0
2014-05-23,32.18,32.273,32.088,32.246,116992,0
2014-05-27,32.753,32.773,32.624,32.753,223433,0
2014-05-28,32.792,32.858,32.698,32.782,232083,0
2014-05-29,32.811,32.819,32.671,32.819,181575,0
2014-05-30,32.921,32.968,32.838,32.959,160416,0
2014-06-02,33.153,33.153,32.968,33.077,351297,0
2014-06-03,32.949,32.959,32.858,32.865,178364,0
2014-06-04,32.858,32.949,32.745,32.931,218177,0
2014-06-05,33.134,33.319,33.022,33.264,217512,0
2014-06-06,33.532,33.772,33.523,33.753,403191,0
2014-06-09,33.605,33.717,33.55,33.689,379614,0
2014-06-10,33.569,33.569,33.43,33.523,141107,0
2014-06-11,33.077,33.153,32.988,33.077,188007,0
2014-06-12,33.068,33.153,32.912,33.006,163461,0
2014-06-13,32.858,32.874,32.698,32.802,216840,0
2014-06-16,32.671,32.689,32.579,32.652,154039,0
2014-06-17,32.56,32.652,32.486,32.614,183848,0
2014-06-18,32.753,32.997,32.671,32.978,159123,0
2014-06-19,33.105,33.105,32.931,32.949,234283,0
2014-06-20,32.959,32.959,32.707,32.782,106536,0
2014-06-23,32.745,32.753,32.579,32.727,225520,0
2014-06-24,32.609,32.609,32.338,32.375,211129,0
2014-06-25,32.225,32.432,32.159,32.394,159768,0
2014-06-26,32.553,32.572,32.215,32.553,143857,0
2014-06-27,32.414,32.601,32.394,32.601,218952,0
2014-06-30,32.451,32.537,32.394,32.537,230564,0
2014-07-01,32.665,32.9,32.618,32.816,172204,0
2014-07-02,32.938,32.996,32.863,32.947,204827,0
2014-07-03,33.144,33.154,33.05,33.134,49831,0
2014-07-07,32.572,32.684,32.527,32.591,498371,0
2014-07-08,32.13,32.13,31.794,31.916,263773,0
2014-07-09,31.888,32.029,31.803,31.971,228199,0
2014-07-10,31.232,31.436,31.128,31.417,718656,0
2014-07-11,31.446,31.446,31.258,31.408,179164,0
2014-07-14,31.652,31.719,31.588,31.606,156493,0
2014-07-15,31.633,31.662,31.267,31.436,279463,0
2014-07-16,31.719,31.88,31.719,31.851,166766,0
2014-07-17,31.671,31.776,31.324,31.353,167346,0
2014-07-18,31.363,31.642,31.344,31.615,182083,0
2014-07-21,31.287,31.382,31.175,31.307,188165,0
2014-07-22,31.446,31.606,31.427,31.56,491560,0
2014-07-23,31.747,31.747,31.597,31.652,117710,0
2014-07-24,31.833,31.888,31.747,31.851,176289,0
2014-07-25,31.803,31.803,31.606,31.691,136079,0
2014-07-28,31.55,31.588,31.353,31.55,123787,0
2014-07-29,31.541,31.541,31.277,31.334,394055,0
2014-07-30,31.258,31.372,31.063,31.249,339264,0
2014-07-31,30.667,30.733,30.397,30.397,937147,0
2014-08-01,30.199,30.387,30.098,30.226,479837,0
2014-08-04,30.331,30.444,30.105,30.406,382456,0
2014-08-05,30.079,30.115,29.628,29.685,433089,0
2014-08-06,29.28,29.431,29.168,29.326,366396,0
2014-08-07,29.261,29.354,28.774,28.849,495817,0
2014-08-08,28.933,29.215,28.877,29.215,394725,0
2014-08-11,29.44,29.57,29.401,29.44,1033073,0
2014-08-12,29.456,29.524,29.401,29.466,378183,0
2014-08-13,29.742,29.742,29.6,29.646,112741,0
2014-08-14,29.861,29.899,29.787,29.861,288820,0
2014-08-15,30.115,30.199,29.636,29.899,166459,0
2014-08-18,30.049,30.154,30.02,30.154,569903,0
2014-08-19,30.115,30.171,30.049,30.154,481403,0
2014-08-20,29.993,30.098,29.917,30.012,268452,0
2014-08-21,30.283,30.378,30.19,30.311,329967,0
2014-08-22,30.34,30.348,30.125,30.255,238092,0
2014-08-25,30.464,30.676,30.454,30.567,668185,0
2014-08-26,30.65,30.857,30.631,30.658,154711,0
2014-08-27,30.94,30.948,30.799,30.848,439365,0
2014-08-28,30.538,30.686,30.538,30.602,222727,0
2014-08-29,30.586,30.621,30.378,30.593,324684,0
2014-09-02,30.586,30.593,30.378,30.528,1442712,0
2014-09-03,30.79,30.884,30.686,30.79,113776,0
2014-09-04,30.799,30.838,30.52,30.631,307392,0
2014-09-05,30.676,30.799,30.641,30.78,572296,0
2014-09-08,30.454,30.51,30.226,30.321,92532,0
2014-09-09,30.236,30.236,30.115,30.19,125043,0
2014-09-10,30.171,30.283,30.088,30.274,244576,0
2014-09-11,30.069,30.181,30.012,30.164,541399,0
2014-09-12,30.135,30.19,29.993,30.115,113419,0
2014-09-15,29.964,29.993,29.909,29.954,308761,0
2014-09-16,29.676,29.964,29.636,29.926,125090,0
2014-09-17,30.04,30.145,29.917,29.917,120969,0
2014-09-18,30.105,30.171,30.079,30.088,96925,0
2014-09-19,30.199,30.217,29.945,29.945,177959,0
2014-09-22,30.03,30.03,29.77,29.841,317940,0
2014-09-23,29.639,29.735,29.403,29.441,125357,0
2014-09-24,29.328,29.489,29.17,29.45,200329,0
2014-09-25,29.245,29.262,28.924,28.972,227366,0
2014-09-26,29.02,29.237,28.972,29.151,347929,0
2014-09-29,28.802,29.0,28.775,28.934,976894,0
2014-09-30,28.887,29.058,28.792,28.924,148565,0
2014-10-01,28.709,28.709,28.417,28.54,231002,0
2014-10-02,28.361,28.361,27.843,28.118,824314,0
2014-10-03,27.994,28.127,27.919,28.04,424670,0
2014-10-06,28.201,28.331,28.05,28.286,473966,0
2014-10-07,27.919,28.003,27.609,27.647,1131087,0
2014-10-08,27.628,28.098,27.469,28.04,669712,0
2014-10-09,27.683,27.731,26.978,26.988,402857,0
2014-10-10,26.904,26.988,26.592,26.592,490847,0
2014-10-13,26.837,26.978,26.537,26.612,736294,0
2014-10-14,26.724,26.856,26.592,26.64,567508,0
2014-10-15,26.357,26.602,25.934,26.5,884341,0
2014-10-16,25.813,26.491,25.7,26.236,314951,0
2014-10-17,26.715,27.034,26.649,26.941,218516,0
2014-10-20,26.864,27.053,26.715,27.017,1360805,0
2014-10-21,27.231,27.487,27.231,27.421,369412,0
2014-10-22,27.478,27.524,27.194,27.251,324343,0
2014-10-23,27.524,27.702,27.496,27.563,147102,0
2014-10-24,27.638,27.712,27.553,27.693,116835,0
2014-10-27,27.392,27.628,27.354,27.589,165867,0
2014-10-28,27.919,28.127,27.862,28.108,164631,0
2014-10-29,28.145,28.21,27.674,27.767,165884,0
2014-10-30,27.647,27.965,27.628,27.909,462515,0
2014-10-31,28.136,28.247,27.955,28.201,121771,0
2014-11-03,28.003,28.003,27.824,27.909,6439876,0
2014-11-04,27.899,27.965,27.776,27.955,177160,0
2014-11-05,28.059,28.127,27.975,28.059,199060,0
2014-11-06,28.127,28.164,27.909,27.945,117874,0
2014-11-07,27.909,28.021,27.824,28.003,123779,0
2014-11-10,28.164,28.182,28.05,28.136,92069,0
2014-11-11,28.155,28.38,28.127,28.314,221251,0
2014-11-12,28.098,28.155,28.011,28.108,112708,0
2014-11-13,28.108,28.276,28.069,28.155,324960,0
2014-11-14,28.031,28.38,28.011,28.323,696874,0
2014-11-17,28.257,28.38,28.201,28.305,153398,0
2014-11-18,28.624,28.765,28.569,28.68,155825,0
2014-11-19,28.67,28.735,28.464,28.652,205159,0
2014-11-20,28.511,28.634,28.455,28.578,54932,0
2014-11-21,28.811,28.85,28.587,28.67,125027,0
2014-11-24,28.859,28.963,28.821,28.944,48328,0
2014-11-25,28.944,29.123,28.944,29.067,143567,0
2014-11-26,29.029,29.113,28.963,29.086,99307,0
2014-11-28,28.896,28.896,28.709,28.709,16672,0
2014-12-01,28.821,28.859,28.725,28.755,179405,0
2014-12-02,28.792,28.792,28.652,28.765,137864,0
2014-12-03,28.755,28.85,28.699,28.802,266629,0
2014-12-04,28.765,28.924,28.587,28.735,148227,0
2014-12-05,28.775,28.896,28.719,28.765,205941,0
2014-12-08,28.68,28.725,28.53,28.596,184743,0
2014-12-09,28.323,28.464,28.238,28.38,275666,0
2014-12-10,28.408,28.408,28.088,28.118,398140,0
2014-12-11,28.174,28.266,27.965,28.011,339026,0
2014-12-12,27.909,28.021,27.478,27.487,77367,0
2014-12-15,27.589,27.731,27.043,27.093,157552,0
2014-12-16,27.138,27.683,27.119,27.326,131709,0
2014-12-17,27.45,27.945,27.45,27.75,208106,0
2014-12-18,28.003,28.22,27.929,28.21,99236,0
2014-12-19,28.155,28.351,28.098,28.276,79124,0
2014-12-22,28.37,28.417,28.276,28.399,159726,0
2014-12-23,28.356,28.356,28.204,28.204,828042,0
2014-12-24,28.431,28.536,28.346,28.536,41333,0
2014-12-26,28.395,28.565,28.365,28.375,63166,0
2014-12-29,28.204,28.309,28.101,28.138,92363,0
2014-12-30,28.091,28.121,27.947,27.967,145879,0
2014-12-31,27.947,28.062,27.742,27.777,302910,0
2015-01-02,27.882,27.892,27.638,27.703,123862,0
2015-01-05,27.314,27.343,26.927,27.04,138935,0
2015-01-06,27.013,27.06,26.643,26.748,70179,0
2015-01-07,26.841,26.984,26.643,26.927,285154,0
2015-01-08,27.08,27.324,26.957,27.212,126954,0
2015-01-09,27.314,27.343,27.107,27.304,173037,0
2015-01-12,27.249,27.294,27.098,27.202,80393,0
2015-01-13,27.515,27.544,27.013,27.276,95944,0
2015-01-14,27.116,27.334,27.04,27.304,177893,0
2015-01-15,27.343,27.372,27.155,27.229,56388,0
2015-01-16,27.249,27.684,27.212,27.638,59953,0
2015-01-20,27.777,27.825,27.599,27.703,69409,0
2015-01-21,27.807,27.987,27.703,27.977,221144,0
2015-01-22,27.967,28.177,27.864,28.062,670489,0
2015-01-23,27.901,28.043,27.825,27.864,821205,0
2015-01-26,28.053,28.46,28.053,28.385,578775,0
2015-01-27,28.261,28.431,28.158,28.318,211263,0
2015-01-28,28.29,28.469,27.957,28.006,97893,0
2015-01-29,28.251,28.45,28.195,28.431,138076,0
2015-01-30,28.28,28.404,28.101,28.168,227012,0
2015-02-02,28.241,28.479,28.138,28.421,90892,0
2015-02-03,28.716,29.132,28.716,29.085,132140,0
2015-02-04,28.722,28.876,28.526,28.545,196192,0
2015-02-05,28.903,29.199,28.885,29.142,155131,0
2015-02-06,28.903,28.952,28.62,28.742,257554,0
2015-02-09,28.526,28.649,28.441,28.61,110957,0
2015-02-10,28.762,28.942,28.706,28.922,71358,0
2015-02-11,28.706,28.752,28.526,28.63,184327,0
2015-02-12,29.17,29.441,29.085,29.414,139358,0
2015-02-13,29.5,29.548,29.424,29.529,92761,0
2015-02-17,29.367,29.672,29.347,29.615,50567,0
2015-02-18,29.672,29.775,29.509,29.757,71780,0
2015-02-19,29.652,29.859,29.652,29.69,129817,0
2015-02-20,29.575,30.164,29.5,30.068,102264,0
2015-02-23,29.794,29.963,29.794,29.915,134228,0
2015-02-24,29.963,30.154,29.84,30.097,99556,0
2015-02-25,30.105,30.227,30.068,30.218,136451,0
2015-02-26,30.105,30.105,29.944,29.973,79929,0
2015-02-27,29.944,30.164,29.915,30.019,71823,0
2015-03-02,30.105,30.2,30.011,30.135,117992,0
2015-03-03,30.011,30.048,29.821,29.888,138823,0
2015-03-04,29.624,29.624,29.384,29.615,214206,0
2015-03-05,29.757,29.868,29.69,29.775,137764,0
2015-03-06,29.481,29.481,29.199,29.227,72530,0
2015-03-09,29.245,29.367,29.207,29.311,72106,0
2015-03-10,28.913,28.98,28.658,28.706,227421,0
2015-03-11,28.706,28.819,28.6,28.772,76970,0
2015-03-12,28.962,28.962,28.819,28.962,215792,0
2015-03-13,28.781,28.857,28.649,28.848,75807,0
2015-03-16,29.028,29.207,28.971,29.16,73270,0
2015-03-17,28.942,29.047,28.848,28.989,72635,0
2015-03-18,28.903,29.699,28.876,29.585,311476,0
2015-03-19,29.347,29.367,29.189,29.292,89024,0
2015-03-20,29.757,30.058,29.719,29.907,72424,0
2015-03-23,30.029,30.154,29.924,30.087,99808,0
2015-03-24,30.115,30.227,30.068,30.068,122752,0
2015-03-25,30.191,30.293,29.915,29.915,112038,0
2015-03-26,29.594,29.641,29.31,29.508,78354,0
2015-03-27,29.594,29.651,29.5,29.584,206967,0
2015-03-30,29.698,29.784,29.584,29.698,75924,0
2015-03-31,29.301,29.441,29.15,29.31,141866,0
2015-04-01,29.594,29.651,29.291,29.5,153218,0
2015-04-02,29.661,29.849,29.661,29.774,92607,0
2015-04-06,29.82,30.276,29.82,30.135,106124,0
2015-04-07,30.164,30.293,30.011,30.039,157144,0
2015-04-08,30.284,30.303,30.039,30.172,148890,0
2015-04-09,30.256,30.276,30.048,30.172,167506,0
2015-04-10,30.115,30.218,30.039,30.164,114149,0
2015-04-13,30.115,30.125,29.849,29.907,363674,0
2015-04-14,30.191,30.237,30.039,30.2,138436,0
2015-04-15,30.313,30.399,30.078,30.342,128231,0
2015-04-16,30.313,30.427,30.135,30.35,103562,0
2015-04-17,29.963,29.963,29.727,29.811,121013,0
2015-04-20,29.888,29.983,29.829,29.907,82201,0
2015-04-21,30.105,30.293,30.068,30.218,91259,0
2015-04-22,30.191,30.191,29.924,30.145,176338,0
2015-04-23,29.793,30.256,29.793,30.21,176240,0
2015-04-24,30.237,30.417,30.145,30.36,57868,0
2015-04-27,30.588,30.806,30.588,30.647,124605,0
2015-04-28,30.523,30.588,30.332,30.588,137276,0
2015-04-29,30.21,30.399,30.115,30.246,86483,0
2015-04-30,30.246,30.35,30.125,30.172,114254,0
2015-05-01,30.293,30.427,30.135,30.427,55648,0
2015-05-04,30.523,30.607,30.408,30.474,77404,0
2015-05-05,30.37,30.389,29.992,30.078,161773,0
2015-05-06,30.21,30.35,30.058,30.227,164134,0
2015-05-07,30.002,30.256,30.002,30.191,51517,0
2015-05-08,30.739,30.921,30.617,30.816,80886,0
2015-05-11,30.826,30.882,30.72,30.797,51953,0
2015-05-12,30.672,30.777,30.513,30.72,124953,0
2015-05-13,31.223,31.223,30.957,31.034,80676,0
2015-05-14,31.308,31.479,31.289,31.469,106230,0
2015-05-15,31.421,31.629,31.308,31.62,72703,0
2015-05-18,31.403,31.516,31.289,31.366,105275,0
2015-05-19,31.336,31.394,31.26,31.269,71277,0
2015-05-20,31.366,31.526,31.299,31.336,62935,0
2015-05-21,31.43,31.602,31.356,31.516,54277,0
2015-05-22,31.421,31.43,31.185,31.213,61034,0
2015-05-26,30.854,30.901,30.474,30.607,94419,0
2015-05-27,30.58,30.967,30.561,30.891,121331,0
2015-05-28,30.826,30.987,30.663,30.967,120970,0
2015-05-29,30.845,30.921,30.532,30.663,80570,0
2015-06-01,30.739,30.777,30.37,30.541,94327,0
2015-06-02,30.826,31.043,30.682,30.854,57246,0
2015-06-03,31.11,31.346,31.081,31.146,75501,0
2015-06-04,30.995,31.165,30.655,30.797,175713,0
2015-06-05,30.284,30.35,30.068,30.303,107602,0
2015-06-08,30.293,30.293,30.058,30.191,64519,0
2015-06-09,30.237,30.284,30.029,30.097,170477,0
2015-06-10,30.71,30.911,30.551,30.854,131343,0
2015-06-11,30.872,30.957,30.682,30.826,184553,0
2015-06-12,30.467,30.647,30.293,30.503,63779,0
2015-06-15,30.002,30.145,29.907,30.145,72755,0
2015-06-16,30.087,30.276,29.934,30.256,69586,0
2015-06-17,30.135,30.145,29.774,29.973,199999,0
2015-06-18,30.191,30.787,30.191,30.38,162618,0
2015-06-19,30.35,30.399,30.21,30.303,90285,0
2015-06-22,30.901,31.165,30.863,30.911,99471,0
2015-06-23,30.947,31.053,30.901,30.977,192699,0
2015-06-24,30.75,30.848,30.588,30.646,124617,0
2015-06-25,30.895,30.895,30.721,30.789,81276,0
2015-06-26,30.943,30.962,30.711,30.838,63815,0
2015-06-29,30.24,30.317,29.807,29.825,209739,0
2015-06-30,30.038,30.212,29.596,29.788,136905,0
2015-07-01,30.24,30.24,29.825,29.991,165774,0
2015-07-02,29.991,30.01,29.788,29.922,144572,0
2015-07-06,29.326,29.519,29.106,29.193,249335,0
2015-07-07,28.806,29.288,28.48,29.193,199656,0
2015-07-08,28.941,28.941,28.558,28.604,150289,0
2015-07-09,29.412,29.432,29.096,29.106,98529,0
2015-07-10,29.684,30.355,29.684,30.287,80236,0
2015-07-13,30.433,30.49,30.327,30.433,131581,0
2015-07-14,30.394,30.5,30.279,30.463,84593,0
2015-07-15,30.394,30.433,30.155,30.336,158784,0
2015-07-16,30.682,30.721,30.606,30.636,48535,0
2015-07-17,30.53,30.626,30.443,30.51,69947,0
2015-07-20,30.74,30.75,30.626,30.655,90111,0
2015-07-21,30.711,30.74,30.588,30.655,141246,0
2015-07-22,30.443,30.5,30.345,30.5,55189,0
2015-07-23,30.5,30.588,30.394,30.453,61321,0
2015-07-24,30.463,30.463,30.078,30.174,102373,0
2015-07-27,30.01,30.068,29.788,29.807,190510,0
2015-07-28,30.097,30.259,29.904,30.184,65062,0
2015-07-29,30.116,30.404,30.116,30.22,143739,0
2015-07-30,30.018,30.126,29.797,30.068,52901,0
2015-07-31,30.404,30.473,30.23,30.24,54669,0
2015-08-03,30.5,30.5,30.202,30.365,71583,0
2015-08-04,30.433,30.539,30.297,30.355,94060,0
2015-08-05,30.578,30.606,30.423,30.51,133141,0
2015-08-06,30.588,30.588,30.375,30.51,58060,0
2015-08-07,30.22,30.404,30.136,30.375,108610,0
2015-08-10,30.5,30.828,30.48,30.808,125864,0
2015-08-11,30.433,30.49,30.269,30.404,53950,0
2015-08-12,30.068,30.24,29.835,30.22,112872,0
2015-08-13,30.202,30.317,30.106,30.22,35130,0
2015-08-14,30.279,30.375,30.174,30.317,28478,0
2015-08-17,30.018,30.23,29.981,30.212,33258,0
2015-08-18,30.136,30.136,29.981,30.048,49576,0
2015-08-19,29.77,29.855,29.519,29.779,89071,0
2015-08-20,29.45,29.49,29.048,29.077,114222,0
2015-08-21,29.096,29.222,28.365,28.395,213895,0
2015-08-24,27.883,28.375,26.69,27.701,436024,0
2015-08-25,28.258,29.432,27.806,27.806,314918,0
2015-08-26,28.375,28.548,27.825,28.47,141349,0
2015-08-27,28.653,28.883,28.5,28.836,75976,0
2015-08-28,28.604,28.748,28.5,28.711,96035,0
2015-08-31,28.528,28.682,28.412,28.577,50200,0
2015-09-01,28.036,28.115,27.73,27.874,95723,0
2015-09-02,28.182,28.258,27.902,28.22,369484,0
2015-09-03,28.395,28.643,28.335,28.365,191445,0
2015-09-04,28.017,28.017,27.72,27.902,81796,0
2015-09-08,28.568,28.748,28.49,28.748,64647,0
2015-09-09,29.106,29.125,28.519,28.528,79197,0
2015-09-10,28.701,29.029,28.653,28.961,94771,0
2015-09-11,28.701,28.98,28.662,28.961,87720,0
2015-09-14,28.662,28.672,28.528,28.672,60385,0
2015-09-15,28.634,28.786,28.538,28.738,32220,0
2015-09-16,29.048,29.125,28.865,29.125,58412,0
2015-09-17,29.019,29.49,28.961,29.25,41060,0
2015-09-18,28.711,28.883,28.568,28.568,35649,0
2015-09-21,28.509,28.614,28.258,28.316,59450,0
2015-09-22,27.595,27.595,27.324,27.48,80339,0
2015-09-23,27.647,27.647,27.356,27.49,30593,0
2015-09-24,27.183,27.404,27.087,27.375,70004,0
2015-09-25,27.588,27.684,27.296,27.453,53926,0
2015-09-28,27.192,27.192,26.796,26.825,218404,0
2015-09-29,26.864,26.98,26.769,26.942,90849,0
2015-09-30,27.287,27.346,26.97,27.259,55378,0
2015-10-01,27.404,27.404,27.057,27.278,34845,0
2015-10-02,27.23,27.828,27.154,27.828,85248,0
2015-10-05,28.031,28.281,27.982,28.185,53301,0
2015-10-06,28.32,28.514,28.311,28.416,77054,0
2015-10-07,28.657,28.723,28.465,28.696,46772,0
2015-10-08,28.533,28.976,28.475,28.967,52372,0
2015-10-09,29.045,29.083,28.927,29.015,308425,0
2015-10-12,28.831,28.927,28.733,28.783,117055,0
2015-10-13,28.33,28.898,28.33,28.524,110551,0
2015-10-14,28.543,28.706,28.533,28.609,113870,0
2015-10-15,28.677,28.995,28.657,28.985,138345,0
2015-10-16,28.917,28.985,28.743,28.888,74876,0
2015-10-19,28.927,28.927,28.773,28.888,35780,0
2015-10-20,28.957,29.035,28.908,28.995,81218,0
2015-10-21,29.255,29.255,28.995,29.015,77779,0
2015-10-22,28.976,29.274,28.917,29.16,92301,0
2015-10-23,29.361,29.37,29.189,29.351,128596,0
2015-10-26,29.342,29.389,29.264,29.351,70520,0
2015-10-27,29.151,29.151,28.927,29.025,62639,0
2015-10-28,29.238,29.37,28.937,29.141,43659,0
2015-10-29,28.967,29.151,28.917,29.102,77987,0
2015-10-30,29.218,29.399,29.199,29.228,48224,0
2015-11-02,29.429,29.583,29.429,29.564,50131,0
2015-11-03,29.284,29.516,29.208,29.409,51333,0
2015-11-04,29.332,29.332,28.985,29.131,89928,0
2015-11-05,29.179,29.218,29.054,29.102,25617,0
2015-11-06,28.937,28.985,28.801,28.937,66786,0
2015-11-09,28.811,28.811,28.541,28.706,148605,0
2015-11-10,28.407,28.648,28.407,28.609,74047,0
2015-11-11,28.743,28.811,28.591,28.629,44697,0
2015-11-12,28.359,28.426,28.176,28.176,259578,0
2015-11-13,27.992,28.079,27.886,27.886,204924,0
2015-11-16,27.982,28.416,27.982,28.281,57349,0
2015-11-17,28.524,28.543,28.301,28.407,250244,0
2015-11-18,28.533,28.723,28.426,28.687,88670,0
2015-11-19,28.811,28.927,28.773,28.783,69586,0
2015-11-20,28.878,28.878,28.572,28.572,297328,0
2015-11-23,28.581,28.638,28.359,28.446,113248,0
2015-11-24,28.137,28.407,28.119,28.349,66684,0
2015-11-25,28.495,28.572,28.398,28.407,138138,0
2015-11-27,28.638,28.687,28.599,28.677,7674,0
2015-11-30,28.878,28.957,28.801,28.878,46461,0
2015-12-01,29.064,29.179,28.995,29.131,63962,0
2015-12-02,28.995,28.995,28.677,28.706,77583,0
2015-12-03,29.073,29.111,28.743,28.898,79713,0
2015-12-04,28.801,29.199,28.763,29.199,76950,0
2015-12-07,29.093,29.102,28.976,29.073,53618,0
2015-12-08,28.619,28.649,28.485,28.619,49859,0
2015-12-09,28.638,28.908,28.495,28.677,133263,0
2015-12-10,28.716,28.716,28.504,28.524,42312,0
2015-12-11,28.07,28.185,27.915,27.915,57869,0
2015-12-14,27.943,28.04,27.723,27.962,283723,0
2015-12-15,28.214,28.339,28.119,28.137,94478,0
2015-12-16,28.407,28.811,28.33,28.763,73321,0
2015-12-17,28.599,28.706,28.271,28.311,349699,0
2015-12-18,28.185,28.349,28.04,28.099,95722,0
2015-12-21,28.379,28.599,28.06,28.242,195902,0
2015-12-22,28.242,28.495,28.223,28.416,113314,0
2015-12-23,28.654,28.807,28.572,28.787,101533,0
2015-12-24,28.749,29.021,28.702,28.904,21219,0
2015-12-28,28.692,28.875,28.635,28.787,495076,0
2015-12-29,28.963,29.079,28.884,29.041,79952,0
2015-12-30,28.914,28.963,28.827,28.837,106354,0
2015-12-31,28.749,28.749,28.49,28.568,61805,0
2016-01-04,28.247,28.247,27.762,28.124,404847,0
2016-01-05,27.9,27.9,27.644,27.852,57580,0
2016-01-06,27.418,27.563,27.291,27.437,169468,0
2016-01-07,27.051,27.226,26.945,27.013,121947,0
2016-01-08,27.167,27.291,26.713,26.752,204501,0
2016-01-11,26.965,26.984,26.625,26.799,141248,0
2016-01-12,27.041,27.091,26.736,26.994,202935,0
2016-01-13,27.051,27.051,26.327,26.482,72723,0
2016-01-14,26.394,26.573,26.172,26.452,146175,0
2016-01-15,25.719,25.768,25.361,25.468,174051,0
2016-01-19,25.778,25.855,25.505,25.709,148536,0
2016-01-20,25.265,25.304,24.734,25.159,214521,0
2016-01-21,25.032,25.426,24.928,25.343,70838,0
2016-01-22,25.855,26.008,25.816,25.979,124386,0
2016-01-25,25.891,26.038,25.835,25.853,64822,0
2016-01-26,25.979,26.336,25.94,26.299,227493,0
2016-01-27,26.201,26.405,26.018,26.075,44410,0
2016-01-28,26.375,26.375,26.057,26.269,97256,0
2016-01-29,26.172,26.568,26.172,26.545,40069,0
2016-02-01,26.512,26.828,26.512,26.772,101015,0
2016-02-02,26.452,26.452,26.153,26.172,96102,0
2016-02-03,26.414,26.586,26.047,26.55,79298,0
2016-02-04,26.355,26.575,26.355,26.524,134203,0
2016-02-05,26.424,26.451,25.998,26.075,77932,0
2016-02-08,25.351,25.351,24.994,25.176,156365,0
2016-02-09,24.578,25.13,24.578,25.014,70942,0
2016-02-10,25.323,25.411,25.225,25.255,79309,0
2016-02-11,24.937,25.032,24.676,24.869,344936,0
2016-02-12,24.947,25.198,24.879,25.179,122537,0
2016-02-16,25.603,25.651,25.41,25.651,48506,0
2016-02-17,26.065,26.307,26.038,26.254,56079,0
2016-02-18,26.414,26.472,26.25,26.25,104329,0
2016-02-19,26.085,26.289,26.047,26.259,164916,0
2016-02-22,26.25,26.336,26.201,26.289,170660,0
2016-02-23,26.25,26.25,25.94,25.989,67010,0
2016-02-24,25.554,25.865,25.381,25.826,178766,0
2016-02-25,25.969,26.172,25.873,26.172,114521,0
2016-02-26,26.259,26.259,26.031,26.104,66170,0
2016-02-29,26.104,26.25,26.038,26.047,37564,0
2016-03-01,26.502,26.732,26.407,26.674,65063,0
2016-03-02,26.452,26.577,26.386,26.568,58573,0
2016-03-03,26.674,26.935,26.59,26.915,51161,0
2016-03-04,27.013,27.292,27.013,27.128,139979,0
2016-03-07,26.945,27.205,26.838,27.138,85027,0
2016-03-08,26.877,26.927,26.635,26.644,96283,0
2016-03-09,26.694,26.792,26.616,26.684,99183,0
2016-03-10,26.925,27.081,26.512,26.704,210395,0
2016-03-11,27.148,27.437,27.148,27.418,113804,0
2016-03-14,27.437,27.504,27.359,27.408,289389,0
2016-03-15,27.187,27.273,27.128,27.216,63825,0
2016-03-16,27.138,27.679,27.138,27.659,142716,0
2016-03-17,27.784,28.034,27.784,27.997,69052,0
2016-03-18,27.947,28.065,27.881,27.91,52020,0
2016-03-21,27.794,27.872,27.727,27.755,78226,0
2016-03-22,27.524,27.755,27.524,27.708,55676,0
2016-03-23,27.695,27.744,27.491,27.521,60727,0
2016-03-24,27.259,27.356,27.222,27.327,111918,0
2016-03-28,27.491,27.491,27.383,27.434,27633,0
2016-03-29,27.357,27.87,27.288,27.831,65412,0
2016-03-30,28.16,28.333,28.16,28.236,45597,0
2016-03-31,28.256,28.328,28.063,28.063,56453,0
2016-04-01,27.724,28.07,27.724,28.043,14229,0
2016-04-04,28.082,28.092,27.908,27.928,43303,0
2016-04-05,27.541,27.599,27.444,27.473,88417,0
2016-04-06,27.589,27.86,27.567,27.841,51195,0
2016-04-07,27.464,27.484,27.202,27.25,34309,0
2016-04-08,27.734,27.811,27.638,27.734,21112,0
2016-04-11,27.889,28.014,27.782,27.782,31747,0
2016-04-12,27.792,28.014,27.705,27.985,67335,0
2016-04-13,28.16,28.16,28.033,28.14,114022,0
2016-04-14,28.033,28.043,27.945,27.965,46797,0
2016-04-15,27.87,27.932,27.802,27.802,50423,0
2016-04-18,27.831,28.053,27.831,27.988,22350,0
2016-04-19,28.393,28.499,28.326,28.45,32593,0
2016-04-20,28.41,28.499,28.324,28.343,95632,0
2016-04-21,28.275,28.275,28.014,28.112,48208,0
2016-04-22,28.043,28.112,27.928,28.033,30959,0
2016-04-25,28.043,28.142,27.995,28.112,93364,0
2016-04-26,28.363,28.43,28.275,28.363,135909,0
2016-04-27,28.508,28.653,28.421,28.567,69514,0
2016-04-28,28.46,28.684,28.46,28.489,37553,0
2016-04-29,28.634,28.682,28.489,28.567,57090,0
2016-05-02,28.653,28.817,28.638,28.797,74804,0
2016-05-03,28.43,28.508,28.275,28.295,127973,0
2016-05-04,28.102,28.226,28.063,28.102,62959,0
2016-05-05,28.063,28.073,27.933,27.975,65757,0
2016-05-06,27.975,28.14,27.975,28.102,50063,0
2016-05-09,28.198,28.198,28.043,28.053,52324,0
2016-05-10,28.131,28.278,28.131,28.246,49382,0
2016-05-11,28.17,28.353,28.16,28.16,128172,0
2016-05-12,28.295,28.295,28.005,28.092,17158,0
2016-05-13,27.899,27.938,27.723,27.744,27153,0
2016-05-16,27.821,28.063,27.762,28.043,27992,0
2016-05-17,28.024,28.14,27.87,27.889,56975,0
2016-05-18,27.937,28.14,27.762,27.928,51936,0
2016-05-19,27.821,27.908,27.752,27.85,54900,0
2016-05-20,28.072,28.188,28.033,28.082,34572,0
2016-05-23,28.053,28.198,28.053,28.112,41921,0
2016-05-24,28.393,28.597,28.345,28.527,68601,0
2016-05-25,28.662,28.779,28.643,28.701,42836,0
2016-05-26,28.884,28.933,28.797,28.884,52339,0
2016-05-27,28.749,28.813,28.702,28.759,41938,0
2016-05-31,28.884,28.981,28.586,28.662,109182,0
2016-06-01,28.46,28.691,28.46,28.653,76231,0
2016-06-02,28.682,28.793,28.662,28.759,39515,0
2016-06-03,28.847,29.001,28.827,28.977,35316,0
2016-06-06,28.933,29.127,28.933,29.06,35669,0
2016-06-07,29.32,29.445,29.281,29.281,28476,0
2016-06-08,29.387,29.465,29.329,29.377,37928,0
2016-06-09,29.011,29.069,28.924,29.021,27092,0
2016-06-10,28.373,28.373,27.965,28.033,42348,0
2016-06-13,27.599,27.87,27.511,27.589,39003,0
2016-06-14,27.163,27.288,26.893,27.037,99848,0
2016-06-15,27.259,27.385,27.173,27.202,43262,0
2016-06-16,26.689,27.144,26.517,27.144,98928,0
2016-06-17,27.385,27.734,27.347,27.648,32830,0
2016-06-20,28.634,28.682,28.504,28.518,50207,0
2016-06-21,28.595,28.807,28.469,28.701,60997,0
2016-06-22,28.693,28.87,28.615,28.635,37533,0
2016-06-23,29.302,29.597,29.126,29.548,82150,0
2016-06-24,26.209,26.686,26.013,26.013,562667,0
2016-06-27,25.1,25.169,24.638,24.914,436551,0
2016-06-28,25.591,25.758,25.424,25.718,123874,0
2016-06-29,26.219,26.396,26.168,26.318,89180,0
2016-06-30,26.505,26.863,26.473,26.847,64758,0
2016-07-01,27.064,27.172,27.005,27.094,114889,0
2016-07-05,26.288,26.288,25.847,25.913,85547,0
2016-07-06,25.551,25.797,25.34,25.797,183091,0
2016-07-07,25.904,25.964,25.625,25.708,47665,0
2016-07-08,26.189,26.268,26.132,26.268,94218,0
2016-07-11,26.779,26.916,26.779,26.817,82980,0
2016-07-12,27.172,27.297,27.103,27.103,31703,0
2016-07-13,27.269,27.288,27.132,27.191,40783,0
2016-07-14,27.485,27.604,27.448,27.485,292874,0
2016-07-15,27.298,27.336,27.178,27.257,57494,0
2016-07-18,27.328,27.475,27.27,27.368,43926,0
2016-07-19,27.221,27.306,27.191,27.232,33263,0
2016-07-20,27.476,27.577,27.417,27.545,20615,0
2016-07-21,27.397,27.536,27.369,27.447,60761,0
2016-07-22,27.467,27.495,27.338,27.377,27615,0
2016-07-25,27.555,27.613,27.447,27.533,47925,0
2016-07-26,27.634,27.728,27.557,27.652,20263,0
2016-07-27,27.869,27.928,27.672,27.879,31048,0
2016-07-28,28.035,28.055,27.889,28.045,94344,0
2016-07-29,28.212,28.4,28.183,28.311,57259,0
2016-08-01,28.154,28.192,28.016,28.035,107446,0
2016-08-02,28.115,28.166,27.999,28.115,28584,0
2016-08-03,27.84,27.859,27.751,27.83,25186,0
2016-08-04,27.938,28.008,27.899,27.986,23286,0
2016-08-05,27.986,28.125,27.957,28.105,31277,0
2016-08-08,28.144,28.195,28.105,28.134,53137,0
2016-08-09,28.311,28.536,28.311,28.458,106493,0
2016-08-10,28.605,28.682,28.586,28.615,27776,0
2016-08-11,28.732,28.879,28.732,28.772,103361,0
2016-08-12,28.861,28.889,28.753,28.772,37561,0
2016-08-15,28.762,28.854,28.762,28.782,23247,0
2016-08-16,28.791,28.854,28.742,28.782,81047,0
2016-08-17,28.586,28.761,28.449,28.688,26057,0
2016-08-18,28.851,29.048,28.851,29.038,47930,0
2016-08-19,28.742,28.87,28.674,28.851,35239,0
2016-08-22,28.782,28.978,28.754,28.969,47976,0
2016-08-23,29.165,29.282,29.106,29.106,35290,0
2016-08-24,29.106,29.175,29.028,29.038,32725,0
2016-08-25,28.919,28.983,28.874,28.919,55844,0
2016-08-26,28.988,29.291,28.636,28.772,20034,0
2016-08-29,28.732,28.879,28.68,28.87,49607,0
2016-08-30,28.87,28.87,28.689,28.732,56765,0
2016-08-31,28.703,28.811,28.576,28.703,59210,0
2016-09-01,28.919,29.033,28.877,29.008,111243,0
2016-09-02,29.195,29.254,29.105,29.225,43017,0
2016-09-06,29.37,29.577,29.361,29.529,29790,0
2016-09-07,29.519,29.567,29.43,29.538,63074,0
2016-09-08,29.489,29.587,29.391,29.479,44501,0
2016-09-09,29.087,29.087,28.693,28.713,60436,0
2016-09-12,28.557,29.038,28.557,28.998,31356,0
2016-09-13,28.684,28.693,28.4,28.488,51596,0
2016-09-14,28.537,28.644,28.458,28.498,43545,0
2016-09-15,28.576,28.821,28.542,28.791,64868,0
2016-09-16,28.438,28.468,28.35,28.408,51656,0
2016-09-19,28.625,28.684,28.507,28.537,18811,0
2016-09-20,28.762,28.762,28.596,28.635,48111,0
2016-09-21,28.659,28.974,28.586,28.955,58406,0
2016-09-22,29.368,29.467,29.251,29.309,35277,0
2016-09-23,29.064,29.174,29.064,29.103,33560,0
2016-09-26,28.856,28.925,28.826,28.846,44045,0
2016-09-27,28.571,28.915,28.56,28.876,61685,0
2016-09-28,28.994,29.201,28.877,29.192,33739,0
2016-09-29,29.044,29.078,28.609,28.698,99806,0
2016-09-30,28.945,29.187,28.905,29.113,39598,0
2016-10-03,29.143,29.143,29.014,29.103,16858,0
2016-10-04,29.182,29.241,28.981,29.093,30038,0
2016-10-05,29.202,29.202,29.083,29.123,31445,0
2016-10-06,28.935,28.955,28.856,28.885,76897,0
2016-10-07,28.629,28.629,28.333,28.541,29761,0
2016-10-10,28.59,28.628,28.531,28.531,19946,0
2016-10-11,28.363,28.383,28.007,28.107,21824,0
2016-10-12,28.018,28.064,27.935,28.028,15478,0
2016-10-13,27.771,28.037,27.663,27.948,63619,0
2016-10-14,28.107,28.107,27.905,27.929,277889,0
2016-10-17,27.88,27.882,27.791,27.831,31239,0
2016-10-18,28.224,28.274,28.117,28.205,42215,0
2016-10-19,28.176,28.333,28.176,28.264,39593,0
2016-10-20,28.127,28.328,28.127,28.264,77923,0
2016-10-21,28.127,28.294,28.087,28.294,162884,0
2016-10-24,28.353,28.41,28.242,28.274,77265,0
2016-10-25,28.146,28.234,28.087,28.205,97394,0
2016-10-26,28.067,28.176,28.008,28.047,27850,0
2016-10-27,28.087,28.087,27.909,27.909,40160,0
2016-10-28,28.008,28.156,28.008,28.067,24071,0
2016-10-31,28.077,28.195,28.037,28.195,149144,0
2016-11-01,28.234,28.304,27.952,28.008,64595,0
2016-11-02,27.998,28.057,27.899,27.909,91605,0
2016-11-03,28.087,28.117,27.92,27.978,102101,0
2016-11-04,27.672,27.784,27.585,27.604,33378,0
2016-11-07,27.939,27.999,27.88,27.998,25691,0
2016-11-08,27.85,28.073,27.811,28.018,41596,0
2016-11-09,27.821,28.173,27.801,28.047,78437,0
2016-11-10,28.028,28.074,27.712,27.909,47657,0
2016-11-11,27.771,27.781,27.574,27.692,37981,0
2016-11-14,27.456,27.505,27.317,27.446,297894,0
2016-11-15,27.505,27.712,27.475,27.702,41479,0
2016-11-16,27.367,27.475,27.327,27.337,32906,0
2016-11-17,27.416,27.584,27.416,27.475,70753,0
2016-11-18,27.376,27.406,27.29,27.312,39134,0
2016-11-21,27.396,27.624,27.396,27.596,106555,0
2016-11-22,27.712,27.834,27.662,27.811,42474,0
2016-11-23,27.456,27.634,27.437,27.604,48530,0
2016-11-25,27.702,27.712,27.635,27.695,12494,0
2016-11-28,27.456,27.555,27.432,27.466,53158,0
2016-11-29,27.505,27.791,27.505,27.761,60407,0
2016-11-30,27.702,27.781,27.644,27.77,574707,0
2016-12-01,27.732,27.821,27.663,27.751,228266,0
2016-12-02,27.614,27.831,27.614,27.751,115203,0
2016-12-05,28.028,28.254,28.018,28.244,138836,0
2016-12-06,28.195,28.383,28.195,28.343,505179,0
2016-12-07,28.502,28.935,28.502,28.846,103994,0
2016-12-08,28.718,28.814,28.654,28.718,69595,0
2016-12-09,28.599,28.639,28.502,28.609,83326,0
2016-12-12,28.531,28.619,28.492,28.58,67731,0
2016-12-13,28.737,28.945,28.737,28.806,68277,0
2016-12-14,28.727,28.857,28.333,28.353,66966,0
2016-12-15,28.284,28.371,28.264,28.344,64916,0
2016-12-16,28.363,28.551,28.363,28.442,70544,0
2016-12-19,28.333,28.412,28.264,28.274,70512,0
2016-12-20,28.195,28.378,28.195,28.333,39140,0
2016-12-21,28.373,28.51,28.373,28.462,53641,0
2016-12-22,28.492,28.556,28.403,28.403,36506,0
2016-12-23,28.482,28.599,28.482,28.541,82416,0
2016-12-27,28.58,28.689,28.58,28.629,34620,0
2016-12-28,28.502,28.531,28.403,28.432,66114,0
2016-12-29,28.551,28.669,28.551,28.639,279903,0
2016-12-30,28.955,28.955,28.754,28.782,62223,0
2017-01-03,28.866,28.932,28.813,28.895,69132,0
2017-01-04,28.856,29.073,28.856,29.06,70554,0
2017-01-05,29.182,29.467,29.182,29.428,145832,0
2017-01-06,29.251,29.358,29.251,29.299,30457,0
2017-01-09,29.034,29.155,28.994,29.103,39676,0
2017-01-10,29.192,29.309,29.174,29.201,57770,0
2017-01-11,29.162,29.467,29.103,29.418,54418,0
2017-01-12,29.507,29.576,29.432,29.477,35258,0
2017-01-13,29.527,29.616,29.527,29.556,10085,0
2017-01-17,29.635,29.723,29.635,29.715,34703,0
2017-01-18,29.527,29.649,29.527,29.546,21378,0
2017-01-19,29.536,29.546,29.447,29.527,20642,0
2017-01-20,29.527,29.665,29.527,29.655,36014,0
2017-01-23,29.695,29.872,29.695,29.862,67752,0
2017-01-24,29.872,30.057,29.872,30.036,31448,0
2017-01-25,30.296,30.417,30.296,30.412,39113,0
2017-01-26,30.197,30.287,30.158,30.198,79860,0
2017-01-27,30.249,30.296,30.217,30.296,111681,0
2017-01-30,29.93,29.941,29.803,29.93,95989,0
2017-01-31,30.029,30.108,29.92,30.069,122659,0
2017-02-01,30.365,30.365,30.19,30.311,26785,0
2017-02-02,30.365,30.41,30.247,30.316,56472,0
2017-02-03,30.345,30.419,30.293,30.335,40625,0
2017-02-06,29.892,29.99,29.841,29.927,34065,0
2017-02-07,29.872,30.009,29.872,29.98,86771,0
2017-02-08,30.039,30.128,29.962,30.099,52261,0
2017-02-09,30.118,30.207,30.108,30.138,334850,0
2017-02-10,30.118,30.247,30.086,30.197,76786,0
2017-02-13,30.414,30.457,30.343,30.394,70096,0
2017-02-14,30.394,30.414,30.267,30.384,124199,0
2017-02-15,30.267,30.533,30.253,30.503,42252,0
2017-02-16,30.513,30.621,30.493,30.621,41270,0
2017-02-17,30.345,30.404,30.287,30.355,73551,0
2017-02-21,30.296,30.493,30.296,30.464,35863,0
2017-02-22,30.296,30.444,30.217,30.414,57783,0
2017-02-23,30.582,30.582,30.365,30.414,32948,0
2017-02-24,29.832,30.079,29.832,30.039,47532,0
2017-02-27,29.98,30.188,29.98,30.148,42550,0
2017-02-28,30.118,30.277,30.118,30.178,23671,0
2017-03-01,30.414,30.621,30.405,30.553,19243,0
2017-03-02,30.394,30.424,30.296,30.306,65911,0
2017-03-03,30.326,30.531,30.294,30.503,39381,0
2017-03-06,30.375,30.384,30.294,30.384,28756,0
2017-03-07,30.316,30.316,30.188,30.238,34422,0
2017-03-08,30.287,30.306,30.14,30.148,33183,0
2017-03-09,30.257,30.332,30.23,30.326,115923,0
2017-03-10,30.454,30.601,30.446,30.582,58858,0
2017-03-13,30.657,30.789,30.601,30.789,103458,0
2017-03-14,30.483,30.553,30.48,30.533,43491,0
2017-03-15,30.543,31.095,30.543,31.075,670296,0
2017-03-16,31.253,31.469,31.253,31.459,50675,0
2017-03-17,31.479,31.578,31.391,31.508,53251,0
2017-03-20,31.489,31.568,31.429,31.479,85473,0
2017-03-21,31.696,31.739,31.267,31.282,147122,0
2017-03-22,31.085,31.228,31.055,31.194,33032,0
2017-03-23,31.249,31.476,31.249,31.368,36599,0
2017-03-24,31.416,31.535,31.407,31.476,33350,0
2017-03-27,31.328,31.529,31.328,31.525,223668,0
2017-03-28,31.506,31.644,31.476,31.525,86969,0
2017-03-29,31.378,31.496,31.319,31.456,208251,0
2017-03-30,31.407,31.535,31.4,31.416,44337,0
2017-03-31,31.358,31.634,31.358,31.555,54281,0
2017-04-03,31.515,31.515,31.259,31.446,38929,0
2017-04-04,31.299,31.466,31.279,31.466,33280,0
2017-04-05,31.456,31.525,31.348,31.388,262209,0
2017-04-06,31.416,31.575,31.416,31.486,76622,0
2017-04-07,31.426,31.545,31.407,31.436,75650,0
2017-04-10,31.456,31.539,31.456,31.466,31727,0
2017-04-11,31.664,31.75,31.464,31.674,59861,0
2017-04-12,31.664,31.703,31.525,31.674,54080,0
2017-04-13,31.515,31.604,31.45,31.471,34627,0
2017-04-17,31.486,31.684,31.486,31.624,56723,0
2017-04-18,31.466,31.634,31.437,31.634,42673,0
2017-04-19,31.822,31.832,31.624,31.634,45153,0
2017-04-20,31.882,32.049,31.882,31.882,54139,0
2017-04-21,31.852,31.862,31.753,31.822,52376,0
2017-04-24,32.829,33.026,32.829,33.008,155662,0
2017-04-25,33.185,33.412,33.185,33.402,257001,0
2017-04-26,33.244,33.412,33.244,33.318,27904,0
2017-04-27,33.353,33.41,33.225,33.373,102686,0
2017-04-28,33.442,33.521,33.411,33.432,72797,0
2017-05-01,33.512,33.639,33.501,33.551,89314,0
2017-05-02,33.708,33.847,33.599,33.827,156582,0
2017-05-03,33.579,33.639,33.501,33.551,135882,0
2017-05-04,33.738,33.995,33.738,33.975,63380,0
2017-05-05,34.152,34.558,34.074,34.558,121306,0
2017-05-08,34.152,34.162,34.035,34.152,45822,0
2017-05-09,34.152,34.182,34.025,34.113,211003,0
2017-05-10,34.202,34.222,34.133,34.212,252291,0
2017-05-11,34.064,34.123,33.896,34.084,84372,0
2017-05-12,34.074,34.249,34.054,34.241,94281,0
2017-05-15,34.439,34.528,34.39,34.499,185195,0
2017-05-16,34.755,34.794,34.656,34.794,145054,0
2017-05-17,34.538,34.568,34.209,34.231,234254,0
2017-05-18,33.946,34.212,33.939,34.172,113353,0
2017-05-19,34.578,34.765,34.578,34.705,133551,0
2017-05-22,34.864,34.893,34.735,34.834,282420,0
2017-05-23,34.953,34.963,34.781,34.834,539319,0
2017-05-24,34.864,34.992,34.735,34.973,108457,0
2017-05-25,35.032,35.106,34.893,35.007,144863,0
2017-05-26,34.834,34.844,34.735,34.794,92709,0
2017-05-30,34.775,34.874,34.756,34.874,48073,0
2017-05-31,35.012,35.032,34.814,34.893,107144,0
2017-06-01,35.072,35.249,35.012,35.249,103742,0
2017-06-02,35.348,35.486,35.268,35.427,207561,0
2017-06-05,35.189,35.229,35.121,35.179,89962,0
2017-06-06,35.042,35.071,34.903,35.052,116679,0
2017-06-07,35.101,35.268,35.028,35.17,331407,0
2017-06-08,34.943,35.081,34.943,35.081,52642,0
2017-06-09,34.913,35.062,34.824,35.002,295157,0
2017-06-12,34.735,34.765,34.568,34.686,64481,0
2017-06-13,34.903,35.062,34.893,35.002,45018,0
2017-06-14,35.17,35.203,34.854,34.963,105671,0
2017-06-15,34.222,34.415,34.192,34.39,117917,0
2017-06-16,34.676,34.844,34.643,34.844,160537,0
2017-06-19,34.982,35.091,34.957,34.992,62437,0
2017-06-20,34.804,34.943,34.449,34.538,89653,0
2017-06-21,34.578,34.617,34.499,34.598,214517,0
2017-06-22,34.576,34.589,34.446,34.512,213711,0
2017-06-23,34.546,34.638,34.437,34.576,101460,0
2017-06-26,34.725,34.782,34.517,34.536,59672,0
2017-06-27,34.536,34.665,34.466,34.566,168309,0
2017-06-28,34.735,34.965,34.705,34.935,52855,0
2017-06-29,34.735,34.735,34.386,34.526,69504,0
2017-06-30,34.685,34.765,34.476,34.715,209028,0
2017-07-03,34.675,34.739,34.63,34.645,30230,0
2017-07-05,34.626,34.805,34.602,34.785,78338,0
2017-07-06,34.536,34.815,34.536,34.723,77235,0
2017-07-07,34.655,34.875,34.567,34.805,65017,0
2017-07-10,34.855,35.015,34.855,34.995,106064,0
2017-07-11,34.855,35.095,34.825,35.085,190140,0
2017-07-12,35.184,35.354,35.184,35.284,459091,0
2017-07-13,35.544,35.564,35.414,35.514,84718,0
2017-07-14,35.564,35.876,35.564,35.833,91279,0
2017-07-17,35.803,35.873,35.79,35.813,195313,0
2017-07-18,35.773,35.883,35.723,35.863,153956,0
2017-07-19,35.923,36.035,35.9,36.02,112415,0
2017-07-20,36.083,36.133,35.961,36.093,118218,0
2017-07-21,35.763,35.843,35.564,35.803,326486,0
2017-07-24,35.614,35.772,35.514,35.753,343301,0
2017-07-25,35.923,35.967,35.743,35.773,281777,0
2017-07-26,36.003,36.242,35.913,36.173,153787,0
2017-07-27,36.193,36.252,35.907,36.033,108036,0
2017-07-28,35.823,36.062,35.813,35.993,56273,0
2017-07-31,36.043,36.173,35.933,36.143,119797,0
2017-08-01,36.482,36.562,36.342,36.391,123411,0
2017-08-02,36.502,36.548,36.377,36.482,87877,0
2017-08-03,36.442,36.572,36.412,36.452,79048,0
2017-08-04,36.582,36.582,36.362,36.502,75879,0
2017-08-07,36.512,36.602,36.472,36.602,76894,0
2017-08-08,36.582,36.611,36.332,36.342,174967,0
2017-08-09,36.073,36.312,36.02,36.312,75112,0
2017-08-10,36.053,36.053,35.733,35.753,49456,0
2017-08-11,35.634,35.727,35.474,35.644,77063,0
2017-08-14,35.973,36.013,35.881,35.943,130197,0
2017-08-15,35.853,35.945,35.733,35.873,59204,0
2017-08-16,36.103,36.223,36.013,36.113,70694,0
2017-08-17,36.063,36.085,35.743,35.743,39418,0
2017-08-18,35.753,35.813,35.632,35.753,67171,0
2017-08-21,35.813,35.913,35.734,35.863,80609,0
2017-08-22,35.923,36.049,35.912,36.023,90851,0
2017-08-23,36.013,36.163,35.998,36.143,69594,0
2017-08-24,36.163,36.192,36.003,36.023,69633,0
2017-08-25,36.183,36.357,36.093,36.302,67868,0
2017-08-28,36.322,36.322,36.219,36.242,37818,0
2017-08-29,35.933,36.093,35.922,36.073,131553,0
2017-08-30,36.063,36.143,36.012,36.123,111420,0
2017-08-31,36.242,36.482,36.205,36.452,186726,0
2017-09-01,36.752,36.811,36.608,36.622,72270,0
2017-09-05,36.622,36.672,36.321,36.442,93385,0
2017-09-06,36.602,36.692,36.532,36.612,108298,0
2017-09-07,36.991,37.051,36.931,37.011,93293,0
2017-09-08,37.141,37.141,37.003,37.031,30976,0
2017-09-11,37.231,37.39,37.231,37.33,46843,0
2017-09-12,37.51,37.51,37.39,37.42,68001,0
2017-09-13,37.34,37.409,37.081,37.141,138521,0
2017-09-14,37.121,37.28,37.116,37.241,420077,0
2017-09-15,37.4,37.46,37.291,37.35,75784,0
2017-09-18,37.49,37.594,37.38,37.49,85903,0
2017-09-19,37.73,37.73,37.56,37.71,89187,0
2017-09-20,37.75,37.78,37.38,37.58,84222,0
2017-09-21,37.6,37.62,37.45,37.52,136322,0
2017-09-22,37.68,37.73,37.59,37.6401,70376,0
2017-09-25,37.48,37.5214,37.1578,37.27,77663,0
2017-09-26,37.14,37.1799,36.92,37.09,134231,0
2017-09-27,37.02,37.24,37.02,37.16,133444,0
2017-09-28,37.23,37.4399,37.23,37.37,81653,0
2017-09-29,37.47,37.75,37.47,37.71,71758,0
2017-10-02,37.5,37.68,37.49,37.63,82832,0
2017-10-03,37.71,37.8589,37.71,37.77,153939,0
2017-10-04,37.73,37.83,37.7,37.76,156721,0
2017-10-05,37.7,37.82,37.61,37.64,425938,0
2017-10-06,37.48,37.61,37.411,37.61,166437,0
2017-10-09,37.62,37.63,37.5218,37.559,66068,0
2017-10-10,37.76,38.0099,37.76,37.95,114629,0
2017-10-11,38.1,38.23,38.05,38.22,158569,0
2017-10-12,38.23,38.339,38.16,38.24,96370,0
2017-10-13,38.36,38.4373,38.271,38.32,118577,0
2017-10-16,38.3,38.3749,38.25,38.29,94532,0
2017-10-17,38.07,38.1416,37.975,38.03,84534,0
2017-10-18,38.23,38.36,38.18,38.35,240885,0
2017-10-19,38.0,38.1294,37.965,38.07,149657,0
2017-10-20,38.16,38.2,38.01,38.07,97252,0
2017-10-23,38.1,38.18,37.97,38.03,111892,0
2017-10-24,38.06,38.13,37.96,38.01,125885,0
2017-10-25,38.21,38.22,37.9604,38.06,270579,0
2017-10-26,38.19,38.2665,38.03,38.05,148556,0
2017-10-27,37.8889,37.95,37.79,37.9,98295,0
2017-10-30,38.09,38.189,38.04,38.15,159154,0
2017-10-31,38.25,38.35,38.15,38.26,102561,0
2017-11-01,38.5,38.5991,38.3501,38.36,86035,0
2017-11-02,38.39,38.51,38.33,38.46,162153,0
2017-11-03,38.5,38.5193,38.3172,38.4,54256,0
2017-11-06,38.4,38.57,38.3715,38.5,125753,0
2017-11-07,38.19,38.29,38.11,38.24,182826,0
2017-11-08,38.12,38.21,38.01,38.18,163299,0
2017-11-09,37.63,37.7,37.48,37.67,122040,0
2017-11-10,37.65,37.7649,37.65,37.72,76804,0
